2
#
Banda_ETM_1 Banda_ETM_2 Banda_ETM_3 Banda_ETM_4 Banda_ETM_5 Banda_ETM_7 
1
#solo
2302
1
73.8692 69.934 68.0547 89.6581 121.967 64.9957 
1.86947 
1.05699 3.16122 
1.72728 1.98754 10.5203 
0.441154 2.95656 -4.41805 17.6653 
2.84792 3.97696 12.0548 -2.48804 20.0728 
2.28235 2.18528 11.4418 -7.53473 15.6787 18.199 
#agua_suja
370
2
82.9649 91.6676 120.408 27.0892 16.0162 12.1486 
6.58142 
12.0913 28.4881 
24.2203 55.0629 112.822 
-15.2733 -35.0272 -72.069 50.7373 
-18.2759 -42.2602 -86.2478 59.9064 77.7179 
-8.24409 -19.3244 -39.3589 27.2062 35.6317 17.8559 
#agua_limpa
92
3
72.9239 62.8261 59.0217 25.2391 18.5109 12.5978 
2.77437 
2.18442 3.55184 
4.06761 5.26756 12.6369 
-11.8827 -15.4305 -32.4558 111.503 
-7.91675 -9.61347 -19.6486 85.2611 90.4724 
-2.82215 -3.15862 -6.44171 34.9434 42.9989 23.1881 
#veg_nativa
9283
4
60.2928 45.0742 31.8118 77.2011 65.12 27.5382 
2.02825 
1.33153 3.40809 
1.61501 2.89363 4.92676 
0.400706 2.27219 0.592152 19.5582 
2.52034 4.95834 5.69464 8.01562 15.4377 
1.5722 2.90317 3.6808 2.32948 7.59992 5.70407 
#agricultura
5617
5
63.7992 49.2514 34.2971 133.632 98.7093 40.0069 
3.83538 
5.50865 13.185 
5.72261 11.7162 16.3211 
-5.76893 -10.8246 -19.5635 85.379 
2.9092 5.67673 5.9979 23.6271 24.8996 
3.5728 6.92329 10.2109 -1.77219 12.2365 12.3221 
#pastagem
4528
6
73.0523 67.7758 65.8788 90.6106 119.608 63.8931 
8.87532 
11.5651 22.4081 
23.8979 36.0565 111.186 
-19.5109 -19.4736 -88.5407 162.422 
28.7698 45.9824 109.074 -72.5248 137.366 
24.5388 34.8868 114.558 -92.8201 119.55 128.836 
